 0.771020 0.371746 0.600238 -0.365095 0.590747 0.310742 0.512200 0.668435 0.877743 0.446875 0.780084 0.218794 0.197363 0.701740 0.030286 1.005695
 0.771020 0.371746 0.600238 -0.365095 0.590747 0.162694 0.512200 0.668435 0.877743 0.446875 0.549547 0.465773 0.197363 0.180279 0.030286 1.005695
 0.834620 0.707999 0.037619 -0.350317 0.147496 0.949583 0.064191 1.077246 0.470030 0.221942 0.549547 0.345988 0.197363 0.180279 0.204863 0.840637
 0.834620 0.707999 0.037619 -0.365095 0.590747 0.162694 0.813227 0.379754 0.877743 0.221942 0.549547 0.345988 0.197363 0.180279 0.113773 1.038164
 0.834620 0.707999 0.037619 -0.350317 0.147496 0.949583 0.064191 1.077246 0.470030 0.221942 0.549547 0.345988 0.197363 0.180279 0.113773 0.892934
 0.771020 0.371746 0.600238 -0.350317 0.147496 0.949583 0.064191 1.077246 0.470030 0.221942 0.549547 0.345988 0.197363 0.701740 0.030286 1.005695
 0.771020 0.371746 0.600238 -0.396836 0.590747 0.162694 0.512200 0.668435 0.877743 0.446875 0.549547 0.241185 0.680552 0.378438 0.030286 1.005695
 0.771020 0.510853 0.600238 -0.365095 0.590747 0.162694 0.064191 0.668435 0.877743 0.446875 0.549547 0.465773 0.769267 0.716746 0.030286 1.005695
 0.834620 0.707999 0.037619 -0.350317 0.147496 0.949583 0.365218 0.788565 0.470030 0.221942 0.549547 0.345988 0.197363 0.180279 0.204863 0.985867
 1.092404 0.371746 0.600238 -0.382058 0.590747 0.162694 0.512200 0.668435 0.877743 0.446875 0.549547 0.465773 0.857982 0.171299 -0.026666 1.005695
 0.785632 0.371746 0.488562 -0.350317 0.461727 0.162694 0.512200 0.547234 0.877743 0.446875 0.408979 0.218794 0.857982 0.048433 0.030286 1.005695
 0.771020 0.508508 0.600238 -0.145605 0.461727 0.162694 0.271590 0.577963 0.644337 0.454329 0.408979 -0.200666 0.197363 0.180279 0.113773 1.005695
 0.771020 0.371746 0.600238 -0.145605 0.147496 0.949583 0.391895 0.577963 0.644337 0.274126 0.408979 -0.200666 0.197363 0.057413 0.030286 1.005695
 0.834620 0.707999 0.037619 -0.350317 0.147496 0.949583 0.064191 1.077246 0.470030 0.221942 0.549547 0.345988 0.197363 0.180279 0.030286 0.892934
 0.834620 0.707999 0.037619 -0.365095 0.590747 0.162694 0.813227 0.379754 0.877743 0.221942 0.780084 0.218794 0.197363 0.165273 0.113773 1.038164
 0.771020 0.371746 0.600238 -0.145605 0.590747 0.162694 0.512200 0.358941 0.644337 0.454329 0.780084 0.218794 0.197363 0.042407 0.030286 1.005695
 1.092404 0.371746 0.600238 -0.177346 0.590747 0.162694 0.512200 0.668435 0.877743 0.446875 0.549547 0.465773 0.857982 0.171299 -0.010895 1.005695
 0.849232 0.707999 0.037619 -0.350317 0.147496 0.949583 0.064191 1.077246 0.470030 0.515743 0.576343 0.345988 0.197363 0.180279 0.113773 0.892934
 0.834620 0.371746 0.600238 -0.145605 0.147496 0.949583 0.064191 1.077246 0.644337 0.454329 0.549547 0.345988 0.197363 0.180279 0.030286 0.892934
 0.771020 0.371746 0.600238 -0.365095 0.590747 0.162694 0.512200 0.668435 0.877743 0.446875 0.576343 0.465773 0.857982 0.716746 0.030286 1.005695
 0.771020 0.508508 0.600238 -0.145605 0.461727 0.162694 0.512200 0.668435 0.877743 0.515743 0.613663 0.218794 0.197363 0.057413 0.030286 1.005695
 0.771020 0.371746 0.600238 -0.365095 0.590747 0.162694 0.512200 0.668435 0.877743 0.446875 0.549547 0.465773 0.197363 0.180279 0.030286 1.057992
 1.156004 0.707999 0.600238 -0.145605 0.590747 0.162694 0.512200 0.577963 0.644337 0.454329 0.780084 0.218794 0.680552 0.042407 0.113773 1.038164
 0.771020 0.508508 0.600238 -0.145605 0.147496 0.949583 0.064191 0.577963 0.644337 0.454329 0.780084 0.218794 0.769267 0.042407 0.030286 1.005695
 0.771020 0.312691 0.600238 -0.145605 0.161728 0.949583 0.064191 0.577963 0.644337 0.454329 0.780084 0.218794 0.769267 0.042407 0.030286 1.005695
 0.834620 0.707999 0.037619 -0.365095 0.590747 0.162694 0.512200 0.668435 0.877743 0.221942 0.549547 0.345988 0.197363 0.180279 0.113773 1.038164
 0.834620 0.707999 0.037619 -0.145605 0.461727 0.162694 0.512200 0.865573 0.644337 0.274126 0.408979 -0.200666 0.197363 0.180279 0.204863 1.226762
 0.771020 0.371746 0.600238 -0.145605 0.461727 0.162694 0.512200 0.668435 0.877743 0.446875 0.549547 0.465773 0.857982 0.716746 0.030286 1.005695
 0.771020 0.371746 0.600238 -0.145605 0.590747 0.162694 0.064191 0.577963 0.644337 0.454329 0.780084 0.218794 0.197363 0.042407 0.030286 1.005695
 0.785632 0.371746 0.600238 -0.365095 0.147496 0.795086 0.638164 0.642797 0.703436 0.220561 0.549547 0.465773 0.857982 0.207584 0.030286 0.916762
 0.834620 0.707999 0.037619 -0.350317 0.147496 1.097631 0.064191 1.077246 0.470030 0.221942 0.549547 0.345988 0.197363 0.180279 0.113773 0.892934
 0.785632 0.371746 0.600238 -0.365095 0.461727 0.162694 0.512200 0.668435 0.877743 0.446875 0.549547 0.465773 0.857982 0.048433 0.030286 1.005695
 0.834620 0.844761 0.037619 -0.350317 0.590747 0.162694 0.813227 0.289282 0.644337 0.454329 0.408979 -0.200666 0.197363 0.339430 0.113773 1.038164
 0.311350 0.371746 0.070284 -0.145605 0.461727 0.162694 0.064191 1.077246 0.470030 0.221942 0.578863 0.218794 0.197363 0.033427 0.098111 0.511758
 0.771020 0.508508 0.600238 -0.365095 0.590747 0.162694 0.512200 0.577963 0.644337 0.454329 0.780084 0.218794 0.197363 0.042407 0.030286 1.005695
 0.834620 0.707999 0.037619 -0.350317 0.147496 0.949583 0.064191 1.077246 0.470030 0.221942 0.549547 0.465773 0.197363 0.180279 0.204863 0.840637
 0.834620 0.707999 0.037619 -0.350317 0.147496 0.949583 0.064191 1.077246 0.470030 0.221942 0.549547 0.465773 0.857982 0.842338 0.204863 0.840637
 0.771020 0.371746 0.600238 -0.145605 0.147496 0.949583 0.064191 1.077246 0.470030 0.221942 0.549547 0.465773 0.857982 0.048433 0.030286 1.005695
 0.834620 0.707999 0.037619 -0.350317 0.147496 0.949583 0.064191 1.077246 0.470030 0.290810 0.754231 0.345988 0.197363 0.180279 -0.017554 0.599370
 0.785632 0.371746 0.037619 -0.350317 0.147496 0.949583 0.638164 0.642797 0.703436 0.220561 0.549547 0.465773 0.857982 0.048433 0.030286 1.005695
 0.771020 0.371746 0.600238 -0.145605 0.461727 0.162694 0.512200 0.668435 0.877743 0.446875 0.549547 0.987600 0.197363 0.033427 0.030286 1.005695
 0.771020 0.371746 0.600238 -0.365095 0.461727 0.162694 0.512200 0.668435 0.877743 0.221942 0.613663 0.218794 0.197363 0.057413 0.030286 1.005695
 0.311350 0.371746 0.600238 -0.068703 0.903830 0.162694 0.512200 0.577963 0.644337 0.454329 0.475283 0.218794 0.680552 0.042407 0.098111 0.511758
 0.771020 0.371746 0.600238 -0.145605 0.461727 0.162694 0.813227 0.668435 0.997725 0.446875 0.549547 0.987600 0.197363 0.033427 0.030286 1.005695
 0.771020 0.510853 0.600238 -0.365095 0.147496 0.162694 0.512200 0.577963 0.644337 0.454329 0.780084 0.218794 0.680552 0.042407 0.030286 1.005695
 0.834620 0.707999 0.037619 -0.350317 0.147496 0.949583 0.064191 1.077246 0.470030 0.221942 0.549547 0.345988 0.197363 0.057413 0.098111 0.892934
 1.092404 0.371746 0.037619 -0.145605 0.531590 0.162694 0.569219 0.668435 0.877743 0.446875 0.549547 0.965209 0.197363 0.033427 0.030286 1.005695
 0.771020 0.371746 0.600238 -0.145605 0.461727 0.162694 0.512200 0.577963 0.644337 0.274126 0.408979 -0.200666 0.197363 0.033427 0.030286 1.150925
 0.771020 0.371746 0.600238 -0.145605 0.461727 0.162694 0.512200 0.668435 0.877743 0.454329 0.780084 0.218794 0.680552 0.042407 0.030286 1.005695
 0.785632 0.371746 0.600238 -0.365095 0.590747 0.008197 0.638164 0.642797 0.703436 0.220561 0.549547 0.465773 0.857982 0.716746 0.030286 0.916762
